ORIGINAL PATTERNS

patterns = np.array([[-1,  1, -1,  1, -1,  1,  1,  1,  1,  1, -1,  1,  1, -1,  1],   #A
		     [ 1,  1, -1,  1, -1,  1,  1,  1, -1,  1, -1,  1,  1,  1, -1],   #B
		     [-1,  1,  1,  1, -1, -1,  1, -1, -1,  1, -1, -1, -1,  1,  1],   #C
 		     [ 1,  1, -1,  1, -1,  1,  1, -1,  1,  1, -1,  1,  1,  1, -1],   #D
 		     [ 1,  1,  1,  1, -1, -1,  1,  1, -1,  1, -1, -1,  1,  1,  1],   #E
		     [ 1,  1,  1,  1, -1, -1,  1,  1, -1,  1, -1, -1,  1, -1, -1],   #F
		     [-1,  1,  1,  1, -1, -1,  1, -1,  1,  1, -1,  1, -1,  1,  1],   #G
		     [ 1, -1,  1,  1, -1,  1,  1,  1,  1,  1, -1,  1,  1, -1,  1],]) #H
